16
0 4 130 100 100 160 苍魂·青龙 断浪激鳞冲
1 1 145 100 125 130 天尊·白虎 虎啸乾坤断
2 3 130 100 140 120 炽凰·朱雀 凤仪九州城
3 2 120 130 110 130 北冥·玄武 圣灵三重门
4 3 135 105 135 115 圣霆·雷伊 涤荡混沌决
5 1 135 100 135 120 圣战·盖亚 战神破天闪
6 4 130 100 120 140 混沌·布莱克 夜·冥昭瞢闇
7 2 125 120 110 135 圣地·卡修斯 量子绝灭波
8 2 120 125 120 125 马尔修斯 王·异甲同心
9 1 140 100 125 125 圣光斯嘉丽 漫天尽霓虹
10 3 130 105 150 105 擎空·凡尔斯 王·窥觊苍生
11 4 130 120 90 150 不羁·弗里德 王·亿光星辰
12 1 140 115 125 110 妖王摩哥斯 天琊断魂诀
13 4 130 105 115 140 斗神·瑞尔斯 蔽日食月功
14 3 125 105 135 125 咤克斯 劫数·万物哀鸣
15 2 130 125 105 130 龙神哈莫 龙王灭碎阵
